0.0	8.95	4.94	5.13	5.06	4.49	0.43	1.3	4.79	5.88
8.95	0.0	6.98	2.7	4.97	8.34	2.87	9.62	3.06	8.03
4.94	6.98	0.0	5.66	0.7	9.96	1.7	8.52	4.63	3.9
5.13	2.7	5.66	0.0	1.27	6.27	4.5	8.62	1.63	4.85
5.06	4.97	0.7	1.27	0.0	8.34	6.92	0.41	5.38	0.8
4.49	8.34	9.96	6.27	8.34	0.0	5.29	2.34	8.06	9.27
0.43	2.87	1.7	4.5	6.92	5.29	0.0	0.09	7.18	9.21
1.3	9.62	8.52	8.62	0.41	2.34	0.09	0.0	4.75	0.74
4.79	3.06	4.63	1.63	5.38	8.06	7.18	4.75	0.0	9.24
5.88	8.03	3.9	4.85	0.8	9.27	9.21	0.74	9.24	0.0
